ver:A3
/
2.591
5.637
8.329
8.981
9.67
10.331
11.03
11.675
12.277
12.931
13.618
14.252
14.911
15.551
16.204
16.876
17.466
19.49
19.747
19.922
20.225
20.471
20.708
21.036
21.202
21.508
21.779
22.011
22.343
22.521
22.822
23.071
23.289
23.641
24.308
24.49
24.63
24.939
25.122
26.14
26.344
26.514
27.861
28.147
28.481
28.977
29.16
29.351
29.497
29.691
32.067
32.324
32.567
32.832
33.1
33.342
33.546
33.753
34.027
34.24
34.454
34.688
35.021
35.507
36.914
37.473
37.939
39.875
40.369
40.689
41.032
48.262
49.533
50.144
50.515
51.512
52.129
54.026
54.755
55.678
56.056
57.272
58.033
59.489
59.973
60.308
61.051
61.921
62.576
63.188
65.821
67.054
67.727
68.061
69.829
70.165
71.682
71.986
72.654
72.949
73.627
74.31
74.457
74.596
76.374
77.003
78.311
78.627
78.971
79.304
79.604
79.916
81.402
81.581
81.725
81.872
82.041
82.208
83.17
83.376
83.794
84.154
84.471
85.267
85.975
86.146
86.447
86.745
87.06
87.825
88.233
88.427
88.569
88.738
88.892
89.101
89.244
89.455
89.625
89.834
89.986
90.155
90.326
90.496
90.662
90.811
90.992
91.16
91.306
91.48
91.688
91.856
92.027
92.667
92.842
93.044
93.667
94.43
94.734
94.94
95.613
96.217
96.879
97.48
98.166
98.821
98.999
99.169
99.382
99.565
99.747
99.922
100.093
100.27
100.41
100.595
100.73
100.959
101.094
101.265
101.893
102.304
103.816
103.961
104.14
104.3
104.451
104.613
104.789
105.444
105.586
105.757
105.902
106.059
106.197
106.374
106.528
106.675
106.836
107.044
107.217
107.393
107.586
107.721
107.903
108.084
108.264
108.45
108.608
108.777
109.354
109.689
109.963
110.075
110.602
110.892
111.073
113.011
113.663
113.832
113.972
114.342
114.645
114.916
115.088
115.261
115.397
115.743
115.896
116.229
116.386
117.971
118.12
118.46
118.614
118.966
119.183
119.365
119.528
119.882
120.049
120.323
120.499
122.355
122.693
122.873
123.25
123.404
123.609
124.005
124.952
125.648
126.397
127.153
/
2.443
3.042
5.309
6.119
6.995
8.43
9.048
9.706
10.431
11.082
11.708
12.379
13.037
13.685
14.317
14.992
15.627
16.276
16.944
17.58
18.709
18.813
19.625
20.057
20.539
20.892
21.372
21.711
22.222
22.449
22.994
23.144
23.71
23.993
24.378
24.562
25.012
25.263
25.505
25.658
26.71
27.399
27.999
28.651
29.081
29.27
29.428
29.577
30.301
32.236
33.269
33.512
33.652
33.841
34.165
34.42
34.688
35.088
35.546
36.01
48.262
48.909
49.533
50.55
51.512
52.762
53.468
54.026
54.755
55.678
56.365
56.657
57.442
58.345
59.184
59.802
60.767
61.424
62.229
62.743
63.527
64.691
65.134
66.443
67.794
68.28
70.934
71.25
71.579
71.918
72.235
72.774
73.151
73.305
76.685
77.426
77.603
77.758
77.902
80.319
80.642
80.941
82.109
82.424
82.806
85.218
85.556
85.699
85.869
87.458
87.956
92.027
92.733
93.011
93.634
94.326
95.024
95.689
96.292
96.979
97.581
98.243
98.861
99.957
100.304
100.449
100.629
100.831
100.994
101.162
101.838
102.202
102.304
102.806
102.966
103.537
103.706
104.184
104.368
104.896
105.025
105.484
105.656
106.024
106.162
106.301
107.32
107.482
107.654
107.79
108.608
108.777
109.253
109.621
109.909
110.075
110.675
110.971
113.011
113.832
113.972
114.342
114.645
114.916
115.088
116.574
116.73
117.066
117.238
117.576
117.729
117.971
118.12
118.46
118.614
118.966
119.102
120.718
120.922
121.272
121.481
121.778
121.956
123.609
124.076
124.952
125.751
126.467
127.189
/
2.86
5.352
6.084
8.498
8.807
9.15
9.461
9.84
10.182
10.499
10.845
11.181
11.501
11.807
12.134
12.48
12.809
13.136
13.445
13.802
14.116
14.418
14.732
15.058
15.372
15.696
16.024
16.375
16.698
17.015
17.319
17.663
17.944
18.166
18.313
18.709
18.893
19.043
19.189
23.813
24.13
24.799
25.762
25.936
26.278
26.813
26.982
27.231
27.543
28.337
29.948
30.161
30.405
30.629
30.829
31.074
31.318
31.564
31.813
32.497
32.718
32.934
34.84
35.153
35.745
36.1
36.471
36.676
37.057
37.717
38.09
38.665
39.038
39.603
40.02
40.515
40.846
41.032
41.378
41.603
41.809
41.985
42.3
42.557
42.745
42.916
43.441
43.891
44.516
44.885
45.428
45.871
46.371
46.678
47.011
47.586
48.909
50.144
50.55
50.851
52.174
52.762
54.026
54.41
55.365
56.019
56.365
57.626
58.654
60.106
60.656
61.593
62.09
62.877
63.834
65.134
66.13
66.443
67.901
68.316
68.69
69.004
69.341
69.688
69.997
70.343
70.668
71.014
71.352
71.508
71.85
72.165
72.457
73.151
73.477
73.792
74.127
74.783
74.931
75.568
75.897
76.192
76.516
76.827
77.171
77.527
78.011
78.172
78.487
78.801
79.12
79.43
79.748
80.067
80.418
80.736
81.044
81.478
81.769
82.424
82.667
83.17
83.518
83.696
83.971
84.305
84.471
84.916
84.963
85.267
85.941
86.306
86.585
86.874
87.209
87.558
87.825
88.057
88.286
88.603
88.892
89.286
89.691
90.02
90.36
90.696
91.026
91.344
91.583
91.814
92.027
93.216
93.522
93.88
94.221
94.599
95.131
95.445
95.757
96.037
96.381
96.73
97.05
97.308
97.648
97.986
98.347
98.655
98.999
99.45
99.781
100.093
101.431
101.757
102.639
102.847
103.038
103.151
103.435
103.617
104.955
105.093
105.274
105.824
106.374
106.443
106.675
106.785
106.94
107.112
107.517
109.112
109.541
109.825
109.963
110.075
110.411
110.742
111.241
111.428
111.681
111.863
112.033
112.337
112.527
112.677
113.359
113.663
115.261
115.397
115.743
115.896
116.229
116.386
116.574
116.73
117.066
117.238
117.576
117.729
119.331
119.528
119.882
120.082
120.323
120.499
120.718
120.922
121.272
121.444
121.778
121.956
122.355
122.693
122.873
123.25
123.404
123.609
124.175
125.849
126.196
126.568
126.907
127.255
127.668
127.78
/
2.758
5.352
5.678
8.574
8.881
9.218
9.556
9.913
10.261
10.627
10.918
11.25
11.588
11.878
12.209
12.581
12.88
13.205
13.519
13.873
14.214
14.485
14.824
15.199
15.449
15.797
16.118
16.445
16.77
17.094
17.397
17.732
18.088
18.198
18.35
18.971
19.109
19.29
19.821
20.391
21.106
21.876
22.675
23.46
24.206
24.799
25.401
25.574
26.882
27.058
27.713
28.337
29.811
30.048
30.55
30.738
30.902
31.281
31.492
31.732
31.894
32.497
32.718
32.934
34.922
35.328
35.835
36.289
36.505
37.986
38.232
38.498
38.736
39.674
40.199
40.6
40.924
41.448
41.936
42.353
42.821
47.586
48.868
50.182
50.851
52.174
53.468
54.026
54.41
55.365
56.019
56.657
57.831
58.837
60.474
61.737
62.406
63.017
64.323
64.941
65.821
67.054
68.021
68.45
68.595
68.934
69.257
69.589
70.601
70.747
71.089
71.389
71.748
72.054
72.374
72.531
73.151
73.721
74.034
74.229
75.305
75.65
75.931
76.931
77.252
78.08
78.172
78.419
78.725
79.051
79.346
79.996
80.487
80.803
81.121
81.289
81.614
81.905
82.275
82.594
82.925
83.054
83.222
84.916
85.041
85.34
86.009
87.296
87.634
88.128
88.464
88.738
89.101
89.522
89.874
90.155
90.529
90.845
91.16
91.48
91.72
93.144
93.48
93.799
94.151
94.496
94.87
95.185
95.516
95.824
96.144
96.451
96.802
96.979
97.119
97.411
97.75
98.094
98.429
98.744
99.202
99.632
100.831
101.332
101.685
101.998
102.639
103.117
103.294
103.85
104
104.535
104.685
105.2
105.344
106.494
106.675
106.785
106.94
107.112
107.517
107.654
107.79
109.112
109.454
109.756
109.909
110.075
110.497
110.818
111.278
111.428
111.754
112.033
112.415
112.608
113.359
113.663
113.832
115.261
115.397
115.743
115.896
116.229
116.386
116.73
117.066
117.238
117.576
117.729
119.331
119.528
119.882
120.082
120.323
120.549
120.922
121.272
121.444
121.778
122.355
122.693
122.873
123.25
123.404
124.212
125.922
126.292
126.652
127.024
127.361
127.704
/
3.143
6.119
8.658
9.318
9.984
10.699
11.356
11.948
12.663
13.295
13.961
14.581
15.236
15.889
16.521
17.149
17.804
18.198
18.313
18.709
18.893
19.043
19.189
19.49
19.747
19.922
20.225
20.471
20.708
21.036
21.236
21.508
21.779
22.011
22.343
22.521
22.822
23.071
23.324
23.641
23.813
24.13
24.308
24.49
24.63
24.939
25.122
25.401
25.574
25.762
26.14
26.344
26.514
26.813
26.982
27.231
27.543
27.861
28.147
28.481
28.977
29.16
29.351
29.497
29.691
29.948
30.161
30.405
30.629
30.829
31.074
31.318
31.564
31.813
32.067
32.324
32.567
32.832
33.1
33.342
33.546
33.753
34.027
34.24
34.454
35.974
36.1
38.425
38.863
39.39
40.846
43.16
43.665
44.253
44.727
45.207
45.662
46.18
46.528
46.853
47.586
48.262
48.909
49.533
50.144
50.851
51.512
52.174
52.795
53.468
54.41
54.755
55.365
55.678
56.056
56.365
56.657
58.2
59.008
59.664
60.936
63.666
64.155
64.759
66.443
67.054
68.49
68.829
69.188
69.511
69.763
70.101
70.527
70.824
71.181
72.304
72.877
73.2
73.967
74.379
74.689
75.101
75.236
75.41
75.705
76.035
76.265
77.322
77.828
79.67
80.253
80.569
80.875
81.227
82.493
82.806
83.001
83.557
84.916
85.11
85.451
85.797
86.378
86.637
86.956
87.386
87.917
93.357
94.034
94.666
95.252
95.905
96.554
97.153
97.818
98.48
101.332
101.576
102.304
102.639
102.847
103.038
103.188
103.435
103.617
103.816
104
104.14
104.3
104.496
104.651
104.789
104.955
105.093
105.274
105.444
105.586
105.757
105.902
106.059
106.197
107.32
107.983
108.156
108.305
108.45
108.608
108.777
111.278
111.428
111.863
112.033
112.56
112.677
113.011
113.359
113.663
113.832
113.972
114.342
114.645
114.916
115.088
115.261
115.397
115.743
115.896
116.229
117.576
117.729
118.12
118.46
118.614
118.966
119.183
119.365
119.528
119.882
120.082
120.323
120.549
121.956
122.355
122.693
122.873
123.25
123.404
123.609
124.952
126.021
126.729
127.435
127.819
/
3.244
5.678
6.119
8.726
9.392
10.098
10.769
11.395
12.019
12.7
13.364
13.995
14.663
15.303
15.923
16.599
17.218
17.906
18.198
18.313
18.663
18.813
18.971
19.109
19.29
19.625
19.821
20.057
20.391
20.539
20.892
21.106
21.372
21.711
21.876
22.222
22.449
22.675
22.994
23.144
23.46
23.71
23.993
24.206
24.378
24.562
25.012
25.263
25.505
25.658
25.936
26.278
26.71
26.882
27.058
27.399
27.713
27.999
28.651
29.081
29.27
29.428
29.577
29.811
30.048
30.301
30.55
30.738
30.902
31.281
31.492
31.732
31.894
32.236
33.269
33.512
33.652
33.841
34.165
34.42
36.747
36.984
37.177
37.54
37.801
38.934
39.212
39.457
39.911
40.441
40.763
41.241
41.673
42.126
42.602
42.987
43.329
43.59
43.772
44.109
44.321
44.59
44.767
45.029
45.278
45.494
45.732
46.013
46.25
46.441
46.597
46.781
46.909
47.586
48.262
49.533
50.851
51.512
52.762
53.468
54.41
54.755
55.365
55.678
56.365
56.657
58.519
59.321
61.255
63.357
64.006
64.499
66.13
66.443
67.054
67.977
68.796
69.088
69.443
69.93
70.267
70.427
72.697
73.049
73.373
73.545
73.867
74.229
74.527
74.826
75.001
75.156
75.461
75.791
76.114
76.41
76.583
76.758
77.109
77.645
78.238
78.555
78.869
79.191
79.505
79.836
80.136
82.806
83.409
83.696
83.866
84.081
84.233
84.389
85.625
86.218
86.515
86.802
87.095
87.71
93.282
93.962
95.343
95.961
96.622
97.268
97.917
98.555
101.501
102.202
102.304
102.639
102.806
102.966
103.117
103.294
103.537
103.706
103.85
104
104.184
104.368
104.496
104.685
104.896
105.025
105.2
105.484
105.656
106.024
106.162
106.301
107.983
108.156
108.305
108.45
108.608
108.777
111.278
111.428
111.896
112.067
112.415
113.011
113.359
113.972
114.342
114.645
114.916
115.088
116.574
116.73
117.066
117.238
117.576
117.729
117.971
118.12
118.426
118.614
118.966
119.102
120.718
120.922
121.272
121.481
121.778
121.956
124.952
126.113
126.818
127.546
/