ver:A3
/
11.706
14.931
17.027
19.764
21.131
21.488
23.336
24.832
27.832
31.562
34.263
37.139
38.665
41.21
41.821
42.858
43.387
45.219
46.935
47.747
49.426
50.445
53.138
53.631
58.361
60.539
62.416
63.282
63.807
66.465
69.154
70.346
71.692
73.691
75.084
76.35
80.094
80.954
84.437
85.025
85.495
88.225
90.88
92.579
92.721
95.288
95.802
99.021
101.21
101.976
102.714
104.864
105.406
105.77
108.696
109.432
109.962
114.114
114.858
115.369
116.529
119.188
119.886
120.427
120.733
120.899
124.132
128.508
129.033
130.008
133.789
136.097
138.765
140.751
141.83
142.141
143.479
144.649
145.486
146.33
147.331
148.174
149.22
150.173
150.904
151.549
153.229
158.857
159.773
160.308
160.843
162.194
165.271
166.447
166.604
167.211
169.077
169.268
171.097
172.191
172.651
173.104
173.6
174.822
175.362
175.705
176.376
177.632
177.972
179.644
179.846
180.002
180.319
180.657
184.293
184.903
187.582
187.749
188.364
188.498
189.696
189.829
189.999
191.034
191.157
191.314
192.73
193.243
193.692
/
12.207
13.746
15.106
16.75
19.697
20.623
21.965
23
23.815
26.15
28.527
30.404
30.921
31.562
33.456
35.946
37.985
39.793
41.21
42.301
43.387
44.219
45.219
46.743
48.75
50.613
52.637
53.957
55.178
56.186
57.825
58.876
59.541
61.083
62.246
63.282
64.273
65.263
66.465
68.638
69.154
70.346
71.828
74.087
75.084
76.35
77.609
79.093
81.112
81.855
81.991
82.829
82.996
84.437
85.992
87.367
88.371
90.055
91.904
93.65
93.792
95.802
96.313
96.802
97.352
99.501
101.495
102.024
103.041
105.067
105.406
106.071
106.415
106.744
107.038
109.091
111.768
112.805
116.35
117.216
117.729
118.243
119.188
119.886
120.198
120.381
120.899
122.578
123.068
123.605
125.264
125.793
126.29
127.978
128.974
130.642
131.153
134.672
135.698
136.603
137.646
139.231
140.751
141.093
141.48
141.967
142.803
143.812
144.817
145.879
146.535
147.546
148.531
149.571
150.387
151.104
151.75
153.229
154.241
155.592
156.089
156.598
157.276
157.768
158.136
159.125
159.59
160.105
161.336
162.986
164.069
165.431
166.447
166.604
167.385
168.073
168.266
170.077
171.635
172.728
173.65
173.839
174.009
174.209
174.383
175.089
175.772
176.445
176.805
177.173
177.53
177.868
179.229
179.577
179.9
180.235
180.557
180.906
181.075
181.247
181.421
181.592
181.764
181.949
182.128
182.296
182.465
182.655
182.863
183.033
183.217
183.367
183.509
183.69
183.833
184.625
184.762
184.963
185.097
185.301
187.649
187.854
188.431
188.565
190.413
190.555
191.736
191.905
192.73
193.243
193.692
/
12.039
12.978
14.055
15.226
16.231
16.38
17.755
18.745
19.618
20.148
20.796
21.31
21.819
22.484
23.715
25.121
25.642
27.158
28.527
29.66
30.485
30.719
31.9
33.274
34.263
35.779
37.804
39.641
42.347
43.387
44.073
46.568
47.933
48.565
50.613
51.966
52.126
53.631
54.135
55.522
56.039
57.517
58.212
58.732
59.401
60.136
60.9
61.422
62.416
62.733
63.807
64.273
64.943
65.62
66.285
66.784
69.63
71.007
72.163
74.332
75.084
76.541
77.417
78.939
81.112
81.803
81.991
82.996
85.495
87.167
88.371
89.904
90.88
91.717
92.579
92.755
93.65
93.792
95.802
96.313
97.183
98.012
99.139
100.152
100.808
101.662
102.364
103.87
104.532
105.406
105.77
106.071
108.696
109.432
109.962
111.447
112.125
112.629
113.341
114.114
114.858
115.369
116.236
116.696
117.216
118.202
119.492
120.733
122.298
123.42
124.282
124.952
126.189
127.978
130.008
130.642
132.335
133.362
134.346
135.546
137.067
138.122
139.757
141.093
141.83
142.141
142.597
143.16
144.15
145.162
146.036
146.837
147.852
148.681
149.842
150.567
151.291
151.903
153.589
154.942
156.948
158.623
159.125
159.59
159.957
160.649
161.222
161.84
162.677
163.343
164.069
165.573
167.211
167.385
168.266
169.077
169.268
170.077
171.13
171.635
172.802
173.462
173.784
174.108
174.45
174.62
174.989
175.705
176.041
176.551
177.105
177.45
177.803
178.138
178.473
178.775
179.127
179.476
179.644
179.846
180.136
180.49
181.007
181.523
182.605
183.251
183.951
184.293
184.625
185.301
185.623
185.942
186.28
186.946
187.129
187.582
187.749
189.038
189.177
189.73
189.931
191.077
191.212
192.004
192.785
193.243
193.692
/
11.891
13.078
14.35
15.362
16.276
18.565
19.966
20.964
21.661
22.619
23.639
25.846
26.659
27.832
29.322
30.552
31.206
31.9
33.456
34.439
38.799
42.858
43.387
45.071
46.743
47.933
49.566
52.025
53.138
53.631
54.467
55.704
58.394
61.577
62.246
62.586
63.807
65.934
68.638
69.63
71.322
72.317
74.53
75.084
76.541
77.609
80.246
82.778
85.025
85.495
85.992
87.367
90.055
91.036
92.579
92.721
93.65
93.841
95.335
96.845
98.012
99.655
100.46
101.328
102.364
104.041
104.682
105.406
105.77
106.862
109.638
112.296
113.509
116.696
117.729
119.535
120.248
120.733
122.898
124.282
125.618
127.978
128.508
130.008
131.153
131.627
135.406
137.067
137.938
139.757
141.48
141.967
142.454
143.308
144.498
145.318
146.205
147.186
147.999
148.883
149.972
150.735
151.436
151.954
153.589
154.424
154.573
155.234
155.804
156.294
157.59
157.951
158.303
158.857
159.342
159.957
161.045
161.693
162.372
163.524
167.253
168.073
169.077
169.268
170.077
171.13
171.635
172.191
172.836
172.937
173.497
174.552
174.889
175.261
175.464
175.939
176.275
176.618
177.007
177.349
177.73
178.039
178.54
178.878
179.229
179.394
179.711
180.069
180.389
180.734
181.523
182.027
182.756
183.404
184.293
184.425
184.625
185.676
185.842
185.976
186.145
186.598
187.029
187.196
187.649
187.854
189.111
189.245
189.73
189.931
190.335
190.514
190.656
191.69
191.837
192.004
192.785
193.287
193.692
/
12.538
13.365
15.543
18.244
19.103
20.446
22.168
22.821
24.14
26.001
27.002
27.492
29.046
29.861
31.089
31.562
31.9
33.322
36.121
38.665
41.124
41.313
41.821
42.347
42.858
44.073
45.071
48.565
49.426
50.479
52.593
54.793
62.068
62.733
63.282
63.807
64.273
66.927
68.313
68.987
69.487
70.346
71.692
72.216
73.729
74.384
75.084
76.35
76.541
77.417
79.232
80.094
80.954
81.991
82.829
82.996
84.437
85.025
85.495
85.992
87.167
88.177
89.904
91.036
91.717
92.579
92.721
95.288
95.802
96.313
96.845
98.012
100.306
101.019
102.714
103.041
104.225
105.77
106.567
110.14
111.447
112.161
112.629
114.474
115.025
115.526
116.529
117.216
118.243
119.188
119.886
120.248
120.427
120.733
120.899
122.298
122.898
123.42
124.132
124.952
125.618
126.189
127.978
128.508
129.033
130.008
131.957
133.362
133.822
134.346
136.062
137.557
138.273
138.765
142.597
143.16
143.479
144.15
144.649
145.162
145.486
146.036
146.33
146.837
147.374
147.852
148.174
148.714
149.22
149.842
150.173
150.567
150.904
151.291
151.549
151.903
153.902
154.241
154.424
154.573
155.234
155.391
155.633
155.804
155.939
156.294
156.598
157.276
157.59
157.768
157.951
158.103
158.303
159.342
160.489
160.765
161.51
162.044
163.713
164.069
165.271
165.573
166.447
166.604
167.211
167.385
168.073
168.266
169.077
169.268
170.126
171.13
171.635
172.191
173.784
173.942
174.282
175.158
175.503
175.873
176.208
176.752
176.939
177.276
178.274
178.641
178.945
179.295
180.49
180.8
181.177
181.698
181.864
182.398
183.101
183.766
184.293
184.625
184.903
185.301
185.809
186.112
186.946
187.129
188.364
188.498
189.038
189.177
189.477
189.696
189.829
189.999
190.335
190.514
190.656
191.034
191.157
191.314
191.69
191.837
192.004
192.785
193.243
193.692
/
12.891
15.903
18.891
20.262
22.28
24.477
26.337
27.08
29.525
31.562
31.9
34.439
36.954
37.985
39.793
41.821
42.301
42.858
44.219
48.75
49.566
52.025
52.637
53.138
54.135
55.178
55.704
56.186
57.825
58.876
60.539
61.083
61.577
62.586
63.282
64.273
65.263
65.934
66.927
68.638
70.346
71.322
71.828
72.317
74.036
74.53
75.084
76.35
76.541
80.28
81.855
81.991
82.829
82.996
84.437
85.025
85.992
91.904
93.604
93.792
95.288
96.313
96.802
97.352
97.977
100.629
102.714
104.365
106.071
106.415
106.744
107.038
109.091
109.638
110.14
111.768
112.296
112.805
113.509
114.474
115.025
115.526
116.35
117.216
117.729
118.243
119.188
119.886
120.198
120.427
120.899
122.578
123.068
123.605
125.264
125.793
126.29
128.508
128.974
131.627
135.054
136.603
137.747
139.231
142.454
142.803
143.308
143.812
144.498
144.817
145.318
145.879
146.205
146.498
147.186
147.546
147.999
148.531
148.883
149.571
149.972
150.387
150.735
151.104
151.436
151.75
151.954
153.902
154.942
156.948
158.623
159.773
160.765
161.336
162.044
162.372
162.986
163.524
164.069
165.431
166.447
166.604
167.385
168.073
168.266
169.077
169.268
170.077
171.097
171.635
172.191
173.286
174.72
175.605
176.143
178.207
178.407
178.709
179.026
181.315
181.864
182.195
182.93
183.591
184.293
184.625
184.762
184.963
185.097
185.301
186.598
187.029
187.196
188.431
188.565
189.111
189.245
190.413
190.588
191.034
191.212
191.736
191.905
192.73
193.243
193.692
/