ver:A4
b185
d2
w8.975
1
4
5
2
1
4
5
2
1
3
2
6
6
2
5
4
2
3
1
6
2
4
6
1
5
3
2
4
1
2
5
6
4
5
1
3
5
2
6
4
2
3
1
6
2
5
3
4
6
1
5
4
1
5
2
6
13
46
3
d4
1
4
5
2
3
6
1
2
3
4
5
/1
4
/1
d2
1
4
5
2
3
6
1
4
2
6
3
2
5
4
1
3
2
4
6
2
5
6
1
3
2
4
5
1
d4
1
6
5
2
d2
1
3
2
6
5
4
1
5
2
3
1
4
6
1
5
2
3
4
1
6
3
4
5
2
21
56
/1
d4
1
4
5
2
3
6
1
4
3
2
1
4
5
/1
3
/1
2
6
/1
1
4
/1
5
/1
/1
3
4
/1
1
/1
3
2
/1
4
6
/1
1
/1
5
4
/1
3
/1
2
6
1
4
5
2
3
4
/1
1
/1
5
4
/1
3
6
2
/1
1
4
5
2
3
/1
6
1
/1
3
4
5
6
1
4
5
/1
3
/1
2
6
/1
1
4
/1
5
/1
3
6
/1
2
4
/1
1
/1
3
4
/1
5
6
/1
2
/1
3
4
/1
5
6
/1
3
4
/1
1
2
/1
3
4
/1
5
6
/1
3
4
5
6
3
4
1
2
5
6
3
4
2
5
1
6
5
2
1
2
3
4
5
6
1
4
5
/1
2
/1
3
4
/1
5
6
/1
1
/1
3
4
/1
5
6
/1
3
/1
1
2
/1
3
4
/1
5
/1
3
4
/1
1
2
/1
3
/1
3
4
/1
5
6
/1
3
/1
1
/1
1
/1
1
2
/1
3
4
/1
5
6
/1
3
4
/1
1
2
/1
3
4
1
2
3
4
5
6
3
4
1
2
/1
/1
/1
d2
/1
3
4
/1
/1
/1
3
/1
/1
/1
4
/1
/1
/1
5
/1
/1
/1
6
/1
1
/1
4
/1
/1
/1
5
/1
/1
/1
3
/1
/1
/1
6
/1
/1
/1
2
/1
/1
/1
1
/1
4
/1
5
/1
/1
/1
3
/1
1
/1
4
/1
2
/1
6
/1
/1
/1
1
4
5
2
3
6
2
5
1
4
5
3
6
2
1
4
3
2
5
6
4
6
1
3
2
4
5
2
6
3
5
4
1
6
2
4
3
2
5
1
6
2
1
6
2
4
3
2
5
/1
/1
/1
2
/1
1
/1
4
/1
/1
/1
65
/1
/1
/1
1
4
5
2
3
/1
4
6
1
4
5
2
3
4
1
6
2
5
1
4
5
2
3
4
1
5
2
6
3
4
5
2
6
1
5
2
3
4
1
6
2
5
1
4
3
2
5
1
6
2
3
4
1
5
3
4
5
4
6
2
5
4
3
5
1
6
2
4
3
2
5
1
6
2
5
4
3
6
1
4
2
6
3
4
5
2
6
4
3
12
56
4
3
6
2
5
1
6
3
4
5
2
6
1
12
65
4
3
5
2
4
1
2
5
1
6
3
5
4
3
6
21
56
4
3
2
6
1
5
2
3
5
2
6
1
4
3
12
56
3
4
2
5
1
6
12
56
12
56
12
56
12
56
14
4
63
4
5
2
3
4
1
6
25
16
34
52
3
4
16
3
5
1
6
3
4
5
31
6
2
5
4
3
5
1
6
2
4
3
2
5
4
3
6
2
6
1
5
2
4
3
2
5
1
6
2
5
4
3
6
1
4
3
21
56
3
4
5
2
6
1
1
4
2
6
3
2
5
4
6
3
5
2
3
4
2
5
1
4
3
2
5
6
3
4
1
6
3
4
5
2
3
12
56
4
3
2
1
6
5
12
56
4
3
1
4
4
3
12
56
4
3
21
56
5
1
34
2
65
4
61
4
23
4
61
4
3
2
5
3
6
4
5
6
3
5
1
4
2
6
3
2
5
4
3
6
1
4
3
2
5
4
3
6
1
4
3
5
2
3
4
1
5
2
6
3
4
5
2
6
1
5
2
3
4
1
6
2
4
1
2
3
1
5
2
/1
/1
1
2
/1
/1
/1
65
/1
/1
/1
/1
1
4
5
2
3
6
1
4
5
2
3
6
1
4
5
