ver:A3
/
7.853
8.587
10.518
11.25
11.883
13.55
14.249
15.115
16.248
16.913
18.347
20.609
22.706
23.472
25.337
27.236
27.802
28.767
30.262
30.993
32.922
33.652
35.349
36.279
36.843
38.239
39.17
39.935
40.167
40.866
41.831
42.395
43.159
43.926
45.025
46.525
47.024
47.757
48.524
49.258
50.825
51.724
52.658
53.423
55.387
56.852
57.818
59.117
60.448
61.214
61.413
63.31
64.275
65.239
66.906
67.472
69.403
71.266
73.197
73.401
76.6
78.097
79.625
80.955
81.554
82.318
83.28
84.774
86.469
87.599
88.363
89.492
90.06
91.025
94.022
94.787
95.585
98.246
100.505
100.904
103.433
104.23
105.792
106.556
108.056
108.822
109.588
110.752
112.649
113.414
114.914
116.613
117.379
117.878
120.172
121.935
123.299
124.561
125.89
126.988
127.253
128.783
129.55
130.115
130.714
133.912
134.644
136.54
137.305
139.235
141.498
143.359
144.89
145.522
147.947
150.973
152.102
153.299
154.064
155.563
156.295
157.656
159.65
160.714
162.209
163.139
164.672
/
0.955
1.721
2.454
3.321
3.987
4.719
5.52
5.987
8.252
9.219
10.151
11.316
11.982
13.015
13.916
14.715
16.614
17.38
17.947
19.078
20.975
21.407
22.506
22.973
23.472
25.87
26.87
28.201
29.697
30.628
31.193
33.286
33.819
34.849
35.847
36.578
37.807
39.536
40.533
41.465
43.159
43.892
45.492
46.79
47.59
48.056
48.891
49.858
50.425
51.158
52.091
52.292
53.056
53.822
54.754
55.953
56.452
57.219
58.65
59.482
59.882
60.648
60.848
61.779
63.676
64.741
65.573
66.539
67.306
67.805
68.57
69.768
70.799
71.665
72.331
72.831
72.997
76.634
78.629
78.995
80.69
81.918
82.683
83.612
84.774
87.068
87.964
89.027
90.559
91.425
92.059
93.09
93.856
94.421
95.186
95.984
96.384
98.779
99.774
99.973
101.17
102.001
103.698
104.794
106.158
106.956
107.69
108.456
109.188
109.754
110.354
111.284
113.015
113.581
115.246
116.047
117.113
117.579
118.178
119.142
120.638
121.038
122.435
122.932
124.926
125.525
126.289
127.619
128.018
128.218
129.715
130.481
133.046
133.712
134.078
135.043
136.108
136.973
137.672
138.37
138.67
139.635
140.201
140.701
142.462
143.759
144.458
145.689
145.888
147.947
150.973
151.902
153.632
154.33
155.929
156.86
157.856
158.887
160.116
161.212
162.641
163.872
164.672
/
3.121
6.154
6.755
7.488
8.486
9.02
9.786
11.45
12.082
13.181
14.515
15.115
15.848
17.314
18.147
18.911
19.812
20.31
21.34
22.105
22.872
23.372
23.838
24.538
25.337
26.503
27.07
28.401
29.132
30.063
30.827
31.393
31.957
32.523
34.351
35.082
35.548
36.08
36.312
36.843
37.641
38.77
40.167
41.266
41.831
42.262
42.76
43.46
44.226
44.692
45.291
46.258
46.991
47.291
48.323
49.625
51.058
51.89
52.557
54.387
54.92
55.254
55.786
57.152
58.184
58.718
60.149
60.448
62.478
62.91
64.84
65.938
67.738
68.238
69.303
70.1
70.899
72.032
72.632
73.197
73.368
74.134
75.667
77.166
79.195
80.057
81.487
83.081
83.81
84.508
84.973
86.104
86.868
87.532
88.762
89.759
90.659
91.225
91.758
92.525
93.589
94.587
96.351
97.116
98.214
99.376
100.539
101.236
102.765
103.898
104.628
105.393
106.324
107.291
108.456
109.222
109.955
111.651
112.25
113.947
114.547
115.613
116.347
116.813
117.579
118.377
119.409
119.873
120.905
121.604
122.734
123.664
124.196
125.425
126.489
127.054
128.484
130.015
130.315
131.247
131.647
132.38
133.046
133.479
134.578
135.443
136.207
136.74
137.872
138.071
139.435
140.368
141.896
142.961
144.124
145.19
147.049
148.512
150.008
151.538
152.9
153.898
154.63
155.164
156.128
157.06
159.186
160.415
161.046
162.94
164.071
/
1.254
1.987
2.754
4.254
4.986
5.787
6.187
6.388
7.321
8.053
8.82
10.052
11.516
12.148
13.384
14.316
15.347
16.049
17.081
17.781
18.413
19.445
20.11
21.141
21.839
23.172
23.838
24.571
25.87
26.671
27.436
28.568
29.298
30.461
31.559
32.324
33.486
34.051
34.651
35.115
35.581
36.113
36.578
37.043
38.604
39.768
40.368
41.066
42.228
42.594
43.46
44.226
44.692
45.291
46.258
46.824
47.291
48.524
49.559
50.625
51.358
52.89
54.088
55.686
56.386
57.418
58.951
59.682
60.149
60.648
61.048
62.012
62.744
64.008
65.04
66.272
68.039
68.837
69.569
70.333
71.099
71.832
72.831
72.997
74.168
75.667
77.166
80.224
81.753
82.982
84.01
84.508
84.973
85.97
86.802
87.831
88.562
89.326
90.858
91.592
92.325
94.221
95.086
95.951
96.151
96.75
97.482
98.779
99.376
100.273
100.704
101.436
102.367
102.932
103.898
104.428
105.194
105.958
106.722
107.257
108.256
108.756
109.522
110.154
111.119
112.083
113.181
114.348
115.446
116.313
116.813
117.878
118.377
119.674
120.172
120.838
121.404
122.535
124.029
125.126
126.655
127.42
128.018
128.584
129.349
130.88
132.013
132.779
133.512
134.877
135.643
136.408
137.139
137.604
139.135
139.801
141.133
142.163
142.795
143.958
144.757
146.12
146.252
147.049
148.512
149.975
151.538
152.8
153.565
155.096
155.862
156.628
157.093
157.624
159.352
160.88
161.909
163.406
164.271
/
0.634
1.421
2.154
2.92
3.721
4.453
5.187
6.388
7.121
7.787
9.386
10.351
12.815
13.75
14.915
16.414
17.58
19.245
19.911
20.409
21.64
22.306
24.206
24.937
25.737
26.137
27.636
28.967
29.497
32.157
32.723
34.051
34.651
34.816
35.847
37.243
38.006
39.369
42.029
43.726
44.525
45.459
47.59
48.056
49.057
50.025
51.558
53.323
54.554
55.254
56.119
57.585
58.351
59.882
60.848
61.447
62.179
63.243
64.075
65.506
66.339
67.106
69.036
70.534
73.568
75.1
78.629
80.424
81.188
82.217
83.446
84.209
85.738
87.267
89.86
91.225
92.89
93.29
95.387
96.75
97.482
97.847
98.612
98.978
99.741
101.636
102.168
103.131
104.994
106.923
107.69
110.52
111.484
112.416
113.781
114.181
114.747
116.047
117.079
117.379
119.142
119.674
120.439
121.238
122.135
123.231
123.962
124.76
125.724
126.19
133.312
134.279
135.809
138.836
140.002
142.262
143.16
144.525
146.451
149.442
151.902
152.5
153.099
154.763
156.695
158.588
161.644
163.705
164.672
/
6.388
7.021
14.083
15.281
16.78
19.644
20.776
21.939
24.206
25.137
25.537
26.27
28.002
28.967
29.896
31.792
33.121
34.351
35.382
37.442
38.405
38.971
40.667
41.665
43.726
44.525
44.992
46.525
47.757
48.723
50.326
53.622
54.188
56.686
57.952
59.382
61.248
61.713
62.545
63.51
64.474
65.772
66.707
68.637
69.934
71.566
73.568
75.1
78.097
79.924
80.756
82.483
84.242
86.303
88.163
89.127
90.226
92.125
92.824
93.657
95.851
97.083
98.013
98.412
99.144
99.542
100.107
101.935
102.666
103.532
104.064
105.593
107.49
107.99
108.989
110.918
111.851
112.816
115.08
116.613
118.178
119.409
119.873
121.77
123.498
124.395
127.819
128.949
133.312
133.879
135.342
138.47
140.634
140.933
141.398
141.697
142.628
143.659
146.485
149.442
152.102
154.429
155.396
157.358
159.949
162.375
164.672
/
