ver:A3
/
10.826
13.498
16.137
18.812
21.485
23.861
26.83
27.457
28.149
28.81
29.504
30.131
30.791
31.483
34.849
35.476
36.136
36.83
40.162
40.79
41.448
42.834
47.488
47.818
50.821
51.183
51.481
51.812
52.107
52.437
52.801
53.131
53.493
54.814
56.167
58.839
61.512
62.832
66.133
69.499
70.158
70.489
70.818
71.148
71.478
72.171
72.468
72.765
73.095
73.459
74.449
75.637
75.966
76.132
76.791
77.484
78.178
78.838
79.498
80.158
80.851
84.151
84.844
85.504
86.165
89.463
90.157
90.849
91.509
93.49
94.844
96.195
98.836
99.496
100.849
101.542
102.201
102.829
104.182
104.842
106.789
108.142
109.495
110.816
112.168
112.827
114.84
115.501
116.821
117.481
118.802
120.815
121.143
121.475
123.488
124.147
126.821
129.492
130.154
130.813
131.473
131.836
132.165
132.793
133.485
140.152
150.447
150.81
152.164
153.483
154.838
156.157
157.477
158.829
160.149
161.469
161.801
162.493
163.153
164.143
164.803
165.496
166.157
166.519
166.883
167.508
168.135
168.797
169.158
169.488
170.148
170.808
171.469
172.161
172.987
173.252
173.483
174.142
174.834
175.494
176.848
177.508
178.828
180.181
181.502
182.193
182.855
184.141
184.834
185.823
186.814
187.506
187.836
188.86
189.554
190.84
192.159
193.777
194.767
195.493
196.846
197.507
198.2
198.496
199.157
199.486
199.816
200.178
200.871
201.168
201.532
202.192
202.852
203.511
203.842
204.171
205.526
205.823
206.185
207.141
208.429
208.825
209.485
210.145
210.442
211.531
212.19
212.819
213.478
214.798
216.151
216.811
218.164
219.517
220.176
220.869
222.157
223.477
224.137
224.863
225.522
226.479
226.809
227.536
227.834
228.163
229.483
230.176
230.505
230.869
231.529
232.155
232.849
233.51
234.201
234.828
235.521
236.182
237.437
240.174
242.122
242.782
244.828
245.191
245.488
248.128
250.141
250.503
250.802
253.177
256.179
256.84
257.468
258.126
/
11.518
14.19
16.799
19.47
22.144
24.058
29.338
37.159
41.779
42.834
43.132
43.494
43.857
44.188
44.485
45.046
45.344
50.325
50.622
53.493
53.825
54.154
54.485
54.847
55.508
55.837
56.167
56.496
56.795
57.124
58.147
58.476
61.017
61.316
63.493
64.153
64.483
64.846
65.175
65.506
65.803
66.332
66.627
67.09
67.783
68.51
69.003
69.302
69.795
70.457
70.818
71.148
71.974
72.171
72.468
72.765
73.128
73.459
75.141
78.342
79.498
80.818
83.722
84.052
86.494
89.035
89.332
90.124
91.114
91.509
91.841
94.381
94.677
95.141
95.833
96.493
97.153
97.78
98.505
99.166
99.695
100.024
100.454
101.146
101.839
102.465
103.158
103.819
104.512
105.041
105.337
105.798
106.458
107.118
108.142
108.802
109.462
110.154
110.517
110.816
111.474
112.168
113.158
113.85
114.478
115.17
115.699
115.995
116.457
117.118
117.811
118.47
119.791
120.484
122.498
123.156
125.169
125.796
126.358
126.655
127.81
128.47
134.442
135.137
135.83
136.49
137.016
137.381
138.469
139.129
139.821
141.802
142.363
142.693
143.154
143.815
144.475
145.036
145.828
146.487
147.148
147.776
148.072
148.5
149.129
149.822
150.844
151.14
151.8
152.164
152.494
152.988
153.318
153.517
153.813
154.474
154.838
155.135
155.794
156.19
156.487
157.113
157.774
158.334
158.632
158.829
159.127
159.786
160.149
160.446
161.107
161.469
162.79
163.483
163.846
164.11
169.488
170.148
170.808
171.435
172.195
172.526
173.779
174.439
175.133
175.494
175.857
176.453
177.145
177.508
177.805
178.2
178.465
178.828
179.126
179.818
180.477
181.038
181.368
182.161
182.787
183.482
186.121
186.484
186.814
187.804
188.497
189.189
189.817
190.476
191.137
191.731
192.028
193.116
194.767
195.493
196.152
196.517
196.846
197.143
198.2
199.486
200.178
200.839
201.499
202.356
202.721
203.511
204.138
205.491
205.823
206.151
206.481
207.339
207.801
208.825
210.145
211.531
211.828
212.125
212.819
213.214
214.831
216.811
217.471
218.164
218.493
218.824
219.517
220.176
220.837
223.806
225.192
226.149
227.536
228.79
229.153
229.483
230.176
230.505
231.529
231.826
232.816
233.146
234.4
234.696
235.521
235.851
236.809
239.449
239.812
247.467
255.487
255.883
/
12.177
17.492
23.497
24.816
26.137
32.109
33.495
37.488
38.842
39.832
42.834
45.145
48.512
49.139
49.797
50.492
54.847
60.16
64.879
66.793
68.145
71.644
74.812
75.834
81.511
82.832
86.823
88.209
92.169
94.182
96.856
98.144
100.849
103.522
106.163
108.835
111.474
114.214
118.174
121.012
121.804
124.478
129.196
130.449
131.704
132.463
133.782
152.164
154.838
157.477
160.149
162.129
163.483
165.133
166.388
167.179
168.467
169.357
170.48
171.14
172.195
173.153
174.142
176.154
178.2
180.841
183.482
185.527
187.506
188.86
191.533
193.447
195.493
197.802
198.826
200.508
201.168
202.192
203.511
205.195
209.749
210.837
212.819
214.469
216.811
218.824
220.869
222.817
224.467
225.82
227.14
227.834
228.823
230.176
231.529
232.849
234.201
235.521
238.129
242.418
245.059
246.147
250.371
251.461
253.506
257.137
258.457
/
12.871
18.151
22.837
26.5
34.584
39.998
42.834
45.838
46.497
47.19
47.983
53.493
55.177
56.036
57.784
58.707
59.17
59.829
60.49
61.183
61.81
62.47
63.163
66.133
66.825
68.145
69.17
70.158
74.118
76.462
77.88
81.28
83.524
84.844
86.823
88.836
90.818
92.071
92.829
93.524
94.182
94.844
96.162
97.483
98.836
99.859
100.849
102.201
103.522
104.842
105.502
106.821
107.812
109.133
110.387
111.113
112.827
114.214
115.501
116.161
117.481
119.493
122.201
124.841
126.16
127.481
128.832
134.839
136.159
137.215
137.809
138.831
141.472
142.495
143.486
144.839
145.532
146.818
147.873
148.831
150.118
151.504
152.825
153.517
154.838
156.19
157.477
158.467
159.456
160.81
162.163
163.713
164.835
166.585
167.839
168.467
169.061
169.357
170.48
171.799
172.658
174.142
175.725
176.848
179.488
180.841
181.831
183.117
184.141
184.866
185.494
186.352
187.143
188.2
189.519
190.874
191.897
194.107
195.823
196.846
199.486
200.839
202.52
204.833
207.339
207.999
210.145
211.531
212.454
213.378
215.457
217.801
218.691
219.847
221.168
222.454
224.005
226.479
229.022
230.176
231.529
233.475
234.532
237.106
239.713
241.495
246.809
252.155
254.827
256.048
/
14.818
20.164
24.189
25.511
29.14
32.802
34.19
38.148
39.502
42.109
44.847
48.148
48.809
49.468
50.129
53.493
57.486
64.153
65.506
67.454
68.806
73.789
75.472
78.508
82.171
83.524
87.517
88.836
92.829
95.503
97.483
100.156
102.201
105.502
107.482
110.188
113.521
116.161
119.132
121.343
123.817
127.15
129.823
131.142
132.067
133.123
150.81
153.517
156.157
158.829
161.469
162.79
164.44
165.826
166.716
167.839
168.994
169.819
170.842
171.766
172.821
173.483
174.834
176.848
179.488
182.193
184.47
186.154
188.2
190.179
192.49
194.403
196.846
198.2
199.486
200.871
201.829
203.148
204.501
205.526
210.145
211.531
213.775
215.426
217.505
219.517
221.496
223.742
224.863
226.184
227.536
228.459
229.78
231.167
232.485
233.806
235.158
236.478
240.801
243.441
245.389
248.822
250.703
252.847
256.511
257.796
/
15.544
20.857
23.728
29.008
39.666
42.439
45.54
46.167
46.827
47.686
52.966
54.847
55.706
57.486
58.345
58.872
59.5
60.192
60.819
61.512
62.14
62.865
63.789
66.462
67.454
68.838
69.499
71.777
75.306
77.156
78.705
82.171
83.886
86.165
87.517
89.168
91.709
92.467
93.161
93.819
94.512
95.503
96.856
98.144
99.496
100.156
101.509
102.829
104.182
105.172
106.163
107.482
108.439
109.825
110.683
111.771
113.521
114.84
115.831
116.821
118.174
120.153
122.826
125.5
126.49
128.141
134.146
135.498
136.819
137.545
138.139
139.524
142.164
142.825
144.145
145.169
146.159
147.511
148.203
149.458
150.844
152.164
153.155
154.144
155.496
156.785
158.105
158.829
160.149
161.469
163.185
164.077
165.496
167.508
168.135
168.797
169.192
169.786
171.14
172.195
173.483
174.834
176.154
178.2
180.181
181.203
182.457
183.777
184.47
185.164
185.823
186.648
187.506
188.86
190.179
191.533
192.819
195.13
196.152
198.2
200.178
202.192
203.511
205.491
207.669
208.825
211.135
211.861
213.082
214.137
216.844
218.395
219.122
220.508
221.827
223.146
224.863
227.536
229.384
230.802
232.816
234.201
235.521
238.823
240.043
244.134
249.514
254.167
255.719
/