ver:A3
/
5.827
13.35
16.319
19
19.929
20.603
21.817
22.701
23.709
24.331
26.487
26.885
27.086
27.266
27.778
29.265
30.208
31.271
31.83
35.933
36.829
37.747
38.122
38.333
38.504
38.682
39.363
40.039
40.287
40.472
40.896
42.457
42.804
42.996
43.187
44.237
45.2
47.149
48.08
49.947
50.83
51.238
51.484
51.701
52.178
53.639
55.615
56.496
58.417
58.794
59.006
59.185
60.195
61.125
62.085
62.47
62.686
62.871
63.935
65.816
66.217
66.431
66.605
68.181
68.385
68.659
69.604
69.986
70.17
70.347
71.443
72.406
73.339
73.714
73.888
74.081
75.211
76.13
77.047
85.077
87.781
88.148
88.355
89.251
91.18
92.103
93.009
93.964
94.44
95.619
95.832
97.715
98.191
99.601
100.479
102.436
103.112
103.319
106.168
107.565
108.402
108.744
109.252
110.702
112.729
113.659
114.616
116.451
116.929
118.827
119.678
119.984
120.255
120.701
121.149
121.847
122.086
123.002
124.917
127.139
127.444
128.667
146.517
147.411
148.062
148.333
148.744
148.986
149.197
149.639
151.19
151.703
152.126
152.49
152.734
152.98
153.397
155.815
156.225
156.468
156.624
156.835
157.513
158.23
158.435
158.677
159.26
159.834
160.085
160.335
160.518
161.2
163.652
163.897
164.081
164.294
164.998
166.161
167.374
167.602
167.816
167.996
168.744
170.3
172.953
172.988
173.417
173.693
176.673
176.966
177.184
177.395
177.768
178.406
180.504
180.748
180.924
181.128
181.773
182.114
184.008
185.877
187.788
188.68
189.645
191.514
191.928
192.175
192.359
192.783
194.325
195.221
195.634
195.835
196.012
196.193
196.851
198.031
198.454
198.771
199.263
199.965
201.82
204.581
205.032
205.518
206.457
206.881
207.129
207.308
207.813
209.306
209.985
211.301
213.06
213.749
214.271
214.516
214.744
214.918
217.481
217.753
219.003
219.632
221.428
/
6.545
14.068
15.527
15.87
16.215
19.469
19.713
22.265
23.219
23.469
29.773
30.732
31.024
34.007
34.383
34.624
34.834
35.309
41.451
41.888
42.103
42.353
43.35
43.824
44.688
45.2
47.42
47.685
47.906
49.003
49.451
52.687
52.916
54.584
54.98
55.189
55.44
57.944
59.327
59.988
61.602
61.709
63.694
65.198
66.786
67.499
69.168
71.17
72.163
74.303
75.004
76.604
84.632
85.558
87.4
88.251
88.836
89.601
89.976
91.521
92.588
93.382
93.721
94.2
94.648
95.757
97.951
98.411
100.038
100.897
101.238
102.774
103.217
103.826
106.541
108.981
109.49
111.248
112.115
112.455
113.452
114.616
115.522
117.781
118.271
121.193
121.847
124.202
124.676
125.6
125.88
128.221
129.349
144.709
144.947
145.291
145.636
146.214
150.263
150.472
153.946
154.182
154.454
154.658
155.269
161.478
161.718
161.957
162.163
162.783
165.478
165.921
166.433
166.887
169.279
169.724
171.115
171.367
171.585
171.799
172.51
174.603
175.082
175.321
175.532
176.255
178.363
178.849
179.068
179.25
179.63
182.114
182.583
182.792
183.132
183.331
183.552
183.801
184.282
184.501
184.685
185.149
185.631
186.322
186.662
187.002
187.355
187.682
193.329
193.568
193.839
194.079
197.093
197.299
199.633
199.861
200.85
201.096
201.332
201.546
202.749
203.117
203.36
203.594
204.001
208.373
208.859
210.735
210.965
211.181
212.096
212.356
215.866
216.345
220.07
/
7.724
16.597
20.283
24.027
26.969
27.37
30.482
36.343
37.984
38.403
39.022
40.18
40.551
42.663
43.103
48.415
51.101
51.588
52.449
55.951
58.655
59.075
62.363
62.766
64.445
66.356
67.738
69.847
70.244
71.68
73.577
73.992
75.682
86.201
87.161
90.701
94.92
98.675
101.515
104.289
105.722
108.067
110.296
114.339
117.134
120.464
121.516
123.377
125.288
127.718
146.96
148.605
149.091
149.948
151.85
152.631
153.052
156.087
156.548
157.172
157.958
159.465
160.201
160.893
163.757
164.185
164.688
167.487
167.92
169.932
172.716
173.233
176.831
177.287
178.085
180.61
181.027
183.132
188.202
191.755
192.279
193.05
195.496
195.906
196.511
198.565
199.369
202.132
205.238
207.02
207.412
209.666
211.546
213.986
214.632
215.301
218.497
220.885
/
7.251
15.668
16.897
19.605
23.08
23.565
30.903
34.279
34.729
35.621
41.995
47.566
48.721
53.194
54.823
55.333
57.404
63.084
64.887
67.158
70.897
73.135
86.481
90.487
95.313
97.123
99.014
102.23
105.028
105.931
109.921
110.807
112.972
115.147
116.213
118.132
121.554
124.41
126.36
128.429
145.119
145.945
150.983
155.578
163.131
165.682
169.007
170.809
171.476
172.138
175.218
175.948
178.964
179.217
179.942
182.686
183.446
183.87
184.576
185.387
186.468
187.211
195.012
197.814
199.746
202.47
203.254
203.731
206.032
209.065
210.852
211.823
212.834
216.819
/
15.219
19.238
22.973
26.735
27.189
28.117
31.555
37.301
38.23
38.612
39.902
40.368
41.238
42.917
43.243
50.289
51.377
51.803
54.113
56.934
58.9
60.679
62.599
62.946
66.079
66.501
67.944
70.089
70.381
72.757
73.784
74.159
85.897
86.718
90.25
91.836
96.781
99.352
101.995
105.238
107.098
109.738
113.214
116.69
119.299
120.908
122.561
123.682
126.766
129.036
147.784
148.848
149.268
151.532
152.352
152.839
153.708
156.33
156.731
157.753
159.052
159.937
160.413
163.37
163.968
164.376
167.097
167.706
168.434
170.602
173.195
174.162
177.069
177.499
180.223
180.818
181.461
184.973
189.15
192.069
192.44
194.669
195.71
196.091
198.336
199.015
200.268
204.791
206.765
207.201
208.098
210.234
213.407
214.41
214.848
217.168
219.351
/
14.712
16.078
19.345
19.817
23.359
30.621
31.132
34.52
34.972
41.753
42.25
47.802
50.591
53.4
55.084
56.251
59.646
63.39
65.606
70.555
71.953
74.662
86.955
90.939
96.31
97.438
101.713
104.631
105.483
106.856
110.599
111.74
114.033
115.898
117.407
118.385
123.964
125.771
127.981
129.59
145.499
150.745
154.93
162.407
165.238
166.673
169.482
171.266
171.721
174.945
175.427
178.713
179.173
179.356
182.446
182.93
183.691
184.397
184.762
186.149
186.833
187.533
197.607
199.499
200.611
202.98
203.482
204.307
208.583
210.595
211.104
212.6
215.614
220.513
/