ver:A3
/
10.983
12.499
13.754
15.125
17.21
18.632
18.926
19.927
21.321
22.348
23.926
25.116
26.652
27.918
29.475
30.647
31.325
31.636
32.883
33.463
34.937
35.296
35.651
35.969
37.721
38.039
38.347
38.885
39.59
39.933
41.663
42.189
42.36
42.702
44.507
45.165
45.479
47.173
47.748
47.884
48.241
49.936
50.649
51
52.699
53.204
53.365
54.367
55.46
57.032
58.248
58.729
58.91
59.765
60.833
61.348
61.683
62.55
63.731
64.273
64.454
65.283
66.52
68.076
68.416
68.729
69.074
69.792
70.839
72.045
73.551
74.82
75.262
77.474
79.731
80.281
82.48
83.06
85.63
87.53
89.936
90.486
90.949
91.302
92.654
93.232
93.711
95.478
95.982
96.463
96.838
98.196
99.298
99.607
99.948
100.319
101.145
102.101
102.376
102.747
103.05
103.899
104.935
105.448
105.79
106.65
107.873
108.588
109.395
110.313
110.634
110.975
111.35
112.181
113.779
114.083
114.949
116.031
117.042
117.384
118.394
119.588
120.463
121.676
132.353
133.726
135.091
136.496
138.584
139.265
141.327
142.401
143.731
144.073
144.448
145.304
146.373
147.547
148.035
149.24
150.815
151.3
151.679
151.987
152.712
153.053
154.413
154.787
156.335
157.528
159.079
160.306
161.832
163.055
163.593
164.592
165.833
167.363
167.714
168.064
168.372
169.319
170.645
171.344
172.702
174.812
175.536
175.999
176.549
176.858
178.396
178.708
179.075
179.384
180.11
180.416
180.666
182.356
183.888
185.079
185.645
186.808
187.183
187.709
187.883
189.444
189.764
190.113
190.395
192.204
193.437
194.98
195.256
196.601
198.313
198.907
200.679
201.621
203.877
204.453
207.152
209.932
211.313
213.082
213.577
215.855
216.299
218.213
219.579
220.301
220.971
221.288
221.683
223.091
224.497
226.511
227.889
229.262
229.978
230.32
230.732
231.006
231.341
231.691
232.014
232.714
233.404
234.744
235.496
236.153
237.486
238.862
240.25
241.845
243.303
244.633
248.569
250.662
251.294
253.431
254.113
255.664
256.672
257.183
258.43
258.883
259.193
259.466
261.201
262.719
263.205
263.546
264.061
/
11.168
11.338
14.447
15.362
17.903
20.639
23.063
23.438
24.443
24.8
25.788
26.164
27.239
27.604
28.537
28.931
29.816
30.162
30.469
34.103
34.456
36.857
37.206
40.619
40.964
41.315
43.374
43.785
44.265
45.968
46.276
46.625
46.967
48.734
49.047
49.421
51.664
52.011
52.358
53.886
54.85
55.278
56.14
56.518
57.381
57.736
58.064
59.429
60.32
62.215
63.037
63.381
64.944
65.801
66.381
67.24
67.564
70.16
70.502
71.379
71.867
72.719
73.069
74.067
74.501
75.736
77.847
78.459
80.654
81.466
83.739
83.976
84.312
86.202
88.152
89.15
89.633
91.709
92.201
94.629
95.106
97.25
97.715
98.432
98.747
100.801
101.658
102.031
103.588
104.449
106.303
107.213
107.562
109.117
109.964
111.836
112.73
113.069
114.636
115.499
117.845
118.91
119.283
120.109
121.013
121.368
133.061
135.814
136.811
138.928
139.973
140.315
141.702
142.23
143.393
144.958
145.83
146.213
147.202
148.584
148.962
149.953
150.339
152.023
155.447
155.831
156.691
157.068
157.384
158.352
158.732
159.655
160
160.997
161.353
162.385
162.75
164.112
165.149
165.662
166.495
166.845
169.319
169.673
170.33
170.677
171.033
172.022
172.38
172.883
173.054
173.194
173.584
173.931
174.779
175.127
177.568
177.883
181.163
181.506
182.046
183.031
183.408
184.447
184.765
186.227
188.596
188.93
191.283
191.564
191.871
192.711
193.095
194.083
194.437
195.991
197.084
199.788
202.039
202.86
205.593
207.592
209.212
209.7
210.817
211.705
212.196
214.46
214.943
217.247
217.698
218.661
219.105
219.959
220.794
222.168
222.764
223.261
223.571
224.464
224.829
225.347
225.702
226.027
226.336
227.363
227.681
228.283
228.633
228.946
232.925
233.232
233.747
234.097
234.409
235.668
235.981
236.33
236.483
236.841
237.143
238.369
238.657
239.034
239.175
239.551
239.903
240.964
241.298
242.374
242.716
243.961
244.276
245.779
246.113
246.451
246.978
247.859
249.381
249.725
250.662
252.176
252.52
253.431
254.975
255.318
256.181
257.914
260.286
260.632
261.715
262.04
264.65
264.964
/
11.053
12.636
17.349
18.775
20.997
22.689
25.428
28.197
30.953
31.81
33.764
35.478
37.865
39.23
40.103
42.837
45.3
48.062
50.278
51.171
54.516
57.17
59.944
61.007
62.692
65.459
68.247
68.937
69.863
72.382
75.397
76.932
79.293
82.685
87.158
90.315
93.063
95.84
99.162
100.456
102.233
104.04
105.077
106.79
108.759
110.497
112.352
114.255
115.818
116.545
117.212
118.599
120.633
133.866
136.619
139.437
142.705
145.445
147.718
149.59
151.472
152.368
153.19
155.126
157.902
160.649
163.731
166.158
167.885
170.157
173.371
175.856
176.689
178.567
179.215
180.246
180.835
184.066
186.979
188.259
189.939
192.364
195.117
196.74
199.079
203.404
204.796
208.52
212.712
213.715
215.995
219.784
221.826
225.851
228.593
230.15
230.867
231.517
232.853
235.115
237.845
240.964
243.614
248.908
254.466
256.5
257.531
259.023
259.606
262.38
263.377
/
11.098
12.016
14.786
17.557
20.299
22.033
23.578
24.27
24.946
26.341
27.399
28.73
29.986
34.249
36.146
37.032
40.445
41.136
43.213
44.128
46.48
48.905
49.598
51.805
52.528
54.655
56.346
57.55
59.252
62.035
63.21
64.77
66.243
67.747
70.364
71.695
73.209
74.24
75.566
78.052
80.893
86.682
88.328
89.495
92.339
94.968
97.858
98.922
101.451
103.415
104.593
106.998
107.734
109.807
111.665
112.866
114.464
115.681
118.052
119.965
121.165
132.734
134.08
136.12
140.144
143.083
145.625
146.862
148.412
149.099
150.509
155.626
156.896
158.21
159.448
161.147
162.179
162.884
164.284
165.525
167.017
169.083
169.816
170.857
172.2
173.445
174.608
175.297
178.059
181.709
183.205
184.273
184.904
186.398
189.103
191.146
191.733
193.301
194.576
196.88
199.315
202.215
206.676
209.034
210.477
211.852
214.085
215.104
217.415
218.864
220.131
222.031
222.936
224.121
224.967
225.886
226.848
227.54
228.453
229.085
232.356
233.095
233.886
234.564
235.811
237.001
238.232
239.349
240.078
241.156
242.167
242.86
244.131
249.245
252.003
254.802
256.008
257.736
259.946
260.82
261.864
264.479
/
12.347
13.899
18.282
20.095
21.66
24.097
26.829
29.614
31.465
33.087
35.116
35.831
38.209
39.762
42.497
44.783
45.651
48.399
50.821
53.537
55.832
59.083
60.689
61.856
64.616
66.865
68.588
69.249
70.978
73.722
76.494
77.612
82.005
84.808
88.601
90.796
93.538
96.293
99.469
101.28
103.227
104.762
105.963
108.216
109.566
111.488
113.402
115.122
116.171
116.889
118.222
119.761
132.494
135.231
138.723
141.465
144.585
146.517
148.207
150.96
151.781
152.877
154.242
156.481
159.285
162.002
164.728
167.534
168.234
171.682
174.101
176.208
177.197
178.883
179.532
180.52
182.693
185.75
187.561
189.615
190.286
193.744
195.463
197.842
201.117
204.114
206.166
210.306
213.206
215.45
216.471
220.448
223.714
227.185
229.605
230.461
231.146
231.802
234.058
236.808
239.551
241.983
246.804
251.631
255.802
256.844
258.746
259.33
261.372
263.031
264.243
/
11.676
14.104
15.551
18.077
20.826
23.232
23.715
24.629
25.994
27.034
27.743
29.101
30.331
34.596
36.683
37.347
40.793
41.451
43.547
46.14
46.83
49.251
51.48
52.154
53.682
55.14
56.66
57.915
60.149
62.865
63.555
65.631
67.385
70.022
71.2
72.865
73.897
74.651
75.948
78.778
85.249
87.847
88.979
91.861
94.455
97.4
98.602
100.613
101.829
104.212
106.165
107.386
108.937
110.107
112.525
113.208
115.329
117.69
118.734
120.835
121.507
133.382
135.435
139.644
142.077
144.788
146.003
147.377
148.753
150.133
153.402
156.013
157.212
158.562
159.829
161.528
162.564
163.934
164.967
166.67
168.577
169.504
170.504
171.204
172.532
173.761
174.955
177.712
181.333
182.193
183.547
184.594
186.089
188.78
190.598
191.395
192.535
194.255
195.853
197.367
200.108
205.002
208.039
209.553
210.998
212.366
214.631
216.845
217.87
219.277
220.622
222.545
223.431
224.647
225.53
226.164
227.185
228.178
228.804
231.977
232.714
233.574
234.268
235.496
236.654
237.314
238.516
239.732
240.628
241.468
242.512
243.821
246.632
249.552
252.314
255.146
256.352
258.084
260.458
261.543
262.212
264.828
/